-100 -200 200 10400
-200 -100 10400 200
9900 -200 200 10400
-200 9900 10400 200
381 2062 796 1478   //0
385 4591 790 409
493 3818 541 564
596 458 552 610
1616 306 1689 793
2019 2093 251 82
2168 4320 257 69
2403 2722 76 164
2459 2093 271 68
2477 3284 294 157
2567 4327 265 48
2593 2567 285 109
2599 3677 117 102
2858 2100 231 61
2877 2553 110 15
2877 2676 2 393
2878 2675 104 2
2879 3068 109 2
2980 2568 2 108
2986 2568 2 501
3039 3630 421 82
3048 4320 237 76
3305 2100 251 68
3344 2919 374 95
3420 4327 251 62
3459 3501 90 130
3459 3712 2 223
3460 3711 89 2
3461 3934 89 2
3548 3631 2 81
3548 3713 2 222
3549 3630 176 2
3550 3711 176 2
3718 2093 237 75
3724 3632 2 80
3786 4327 244 62
3832 2810 76 150
3838 2492 77 150
3853 504 541 553
4231 2305 769 2410
5000 2305 403 2410   //1
5160 435 541 472
6112 80 2422 1183
6357 2540 185 684
6357 4192 198 691
6553 2364 1878 61
8442 2506 185 2377
8887 493 530 506
385 5000 790 2962   //2
527 9208 587 576
2087 5432 545 520
2126 7617 521 506
2348 6521 353 398
2533 7150 265 69
2561 6311 264 68
2878 9139 1688 794
2885 6365 1687 786
2890 5250 1693 775
2890 7485 1687 774
4741 6020 259 61
4754 6324 246 76
4848 7656 152 459
5000 7656 278 459   //3
5000 8115 2 2
5174 6324 257 62
5181 6020 264 61
5470 9288 369 381
6456 9048 2387 952
6567 5000 1837 215
6581 5777 468 536
6697 7477 1642 781
6803 6643 599 536
7854 6045 606 529
7931 6766 590 636